2000 10.428745975898892
2001 10.910394378173123
2002 11.392042780447468
2003 11.873691182721814
2004 12.355339584996159
2005 12.83698798727039
2006 13.318636389544736
2007 13.800284791819081
2008 14.281933194093426
2009 14.763581596367658
2010 15.245229998642003
2011 15.726878400916348
2012 16.208526803190693
2013 16.690175205464925
2014 17.17182360773927
2015 17.653472010013616
2016 18.13512041228796
2017 18.616768814562306
2018 19.098417216836538
2019 19.580065619110883
2020 20.061714021385228
2021 20.543362423659573
2022 21.025010825933805
2023 21.50665922820815
2024 21.988307630482495
2025 22.46995603275684
2026 22.951604435031072
2027 23.433252837305417
2028 23.914901239579763
2029 24.396549641854108
2030 24.87819804412834
2031 25.359846446402685
2032 25.84149484867703
2033 26.323143250951375
2034 26.804791653225607
2035 27.286440055499952
2036 27.768088457774297
2037 28.249736860048642
2038 28.731385262322874
2039 29.21303366459722
2040 29.694682066871565
2041 30.17633046914591
2042 30.65797887142014
2043 31.139627273694487
2044 31.621275675968832
2045 32.10292407824318
2046 32.58457248051741
2047 33.066220882791754
2048 33.5478692850661
2049 34.029517687340444
2050 34.51116608961479
2051 34.99281449188902
2052 35.474462894163366
2053 35.95611129643771
2054 36.43775969871206
2055 36.91940810098629
2056 37.401056503260634
2057 37.88270490553498
2058 38.364353307809324
2059 38.846001710083556
2060 39.3276501123579
2061 39.809298514632246
2062 40.29094691690659
2063 40.77259531918082
2064 41.25424372145517
2065 41.73589212372951
2066 42.21754052600386
2067 42.69918892827809
2068 43.180837330552436
2069 43.66248573282678
2070 44.144134135101126
2071 44.62578253737536
2072 45.1074309396497
2073 45.58907934192405
2074 46.07072774419839
2075 46.552376146472625
2076 47.03402454874697
2077 47.515672951021315
2078 47.99732135329566
2079 48.47896975556989
2080 48.96061815784424
2081 49.44226656011858
2082 49.92391496239293
2083 50.40556336466727
2084 50.887211766941505
2085 51.36886016921585
2086 51.850508571490195
2087 52.33215697376454
2088 52.81380537603877
2089 53.29545377831312
2090 53.77710218058746
2091 54.25875058286181
2092 54.74039898513604
2093 55.222047387410385
2094 55.70369578968473
2095 56.185344191959075
2096 56.66699259423331
2097 57.14864099650765
2098 57.630289398782
2099 58.11193780105634
