2000 -23.8904947437627
2001 -23.288420048059834
2002 -22.686345352356966
2003 -22.0842706566541
2004 -21.48219596095123
2005 -20.880121265248363
2006 -20.278046569545495
2007 -19.675971873842855
2008 -19.073897178139987
2009 -18.47182248243712
2010 -17.86974778673425
2011 -17.267673091031384
2012 -16.665598395328516
2013 -16.063523699625648
2014 -15.46144900392278
2015 -14.859374308219913
2016 -14.257299612517045
2017 -13.655224916814177
2018 -13.05315022111131
2019 -12.451075525408669
2020 -11.849000829705801
2021 -11.246926134002933
2022 -10.644851438300066
2023 -10.042776742597198
2024 -9.44070204689433
2025 -8.838627351191462
2026 -8.236552655488595
2027 -7.634477959785727
2028 -7.032403264082859
2029 -6.430328568379991
2030 -5.828253872677124
2031 -5.226179176974483
2032 -4.624104481271615
2033 -4.022029785568748
2034 -3.41995508986588
2035 -2.817880394163012
2036 -2.2158056984601444
2037 -1.6137310027572767
2038 -1.011656307054409
2039 -0.40958161135154114
2040 0.19249308435132662
2041 0.7945677800541944
2042 1.3966424757570621
2043 1.9987171714597025
2044 2.6007918671625703
2045 3.202866562865438
2046 3.804941258568306
2047 4.4070159542711735
2048 5.009090649974041
2049 5.611165345676909
2050 6.213240041379777
2051 6.815314737082645
2052 7.417389432785512
2053 8.01946412848838
2054 8.62153882419102
2055 9.223613519893888
2056 9.825688215596756
2057 10.427762911299624
2058 11.029837607002491
2059 11.63191230270536
2060 12.233986998408227
2061 12.836061694111095
2062 13.438136389813963
2063 14.04021108551683
2064 14.642285781219698
2065 15.244360476922566
2066 15.846435172625206
2067 16.448509868328074
2068 17.05058456403094
2069 17.65265925973381
2070 18.254733955436677
2071 18.856808651139545
2072 19.458883346842413
2073 20.06095804254528
2074 20.66303273824815
2075 21.265107433951016
2076 21.867182129653884
2077 22.46925682535675
2078 23.071331521059392
2079 23.67340621676226
2080 24.275480912465127
2081 24.877555608167995
2082 25.479630303870863
2083 26.08170499957373
2084 26.6837796952766
2085 27.285854390979466
2086 27.887929086682334
2087 28.4900037823852
2088 29.09207847808807
2089 29.694153173790937
2090 30.296227869493578
2091 30.898302565196445
2092 31.500377260899313
2093 32.10245195660218
2094 32.70452665230505
2095 33.306601348007916
2096 33.908676043710784
2097 34.51075073941365
2098 35.11282543511652
2099 35.71490013081939
